0 0.00755884677751513681
1 0.01105318515665493297
2 0.01552914585389562714
3 0.02096215430501338377
4 0.02718644859950228935
5 0.03387640098714970286
6 0.04055741546189319733
7 0.04665213235521837843
8 0.05155857994653319296
9 0.05474678451379861925
10 0.05585274379367638072
11 0.05474680062863296940
12 0.05155880295637878421
13 0.04665452995170378158
14 0.04057749029178835355
15 0.03400730532177234166
16 0.02785123566449935189
17 0.02359143815148195519
18 0.02362791025837613087
19 0.03048111099822337004
20 0.04385499069231837677
21 0.05777709401642099699
22 0.06297750499206178847
23 0.05471222151487304766
24 0.03740432347806352078
25 0.02004839376889902891
26 0.00843254167469389231
27 0.00280179707400135780
28 0.00075045459849946796
29 0.00017177750696501301
