0 .00004087317234236197
.1 .00704409180400179394
.2 .01404754487086270777
.3 .02105124786275876922
.4 .02805521716774932590
.5 .00005947011484634679
.6 .00706402501810598107
.7 .01406890122208058997
.8 .02107411914862283227
.9 .02807970034502881072
1.0 .00008566753350240527
1.1 .00709204466191772610
1.2 .01409885695585110925
1.3 .02110613097184824795
1.4 .02811389465188590065
1.5 .00012217737898114097
1.6 .00713101003389431641
1.7 .01414042505286476212
1.8 .02115045648631087683
1.9 .02816114005841841488
2.0 .00017251322753278638
2.1 .00718461524726279621
2.2 .01419748722819459963
2.3 .02121117220010572080
2.4 .02822571517455978334
2.5 .00024116320775315450
2.6 .00725756546347502495
2.7 .01427497327603255372
2.8 .02129344021298262533
2.9 .02831302213750151729
3.0 .00033377727021338858
3.1 .00735576625028800157
3.2 .01437905219560751400
3.3 .02140370076179155717
3.4 .02842978019985918785
3.5 .00045736141229570512
3.6 .00748651800728179812
3.7 .01451732635083208354
3.8 .02154986561657984563
3.9 .02858421783293475774
4.0 .00062046792733059184
4.1 .00765870376727046504
4.2 .01469901619786808406
4.3 .02174149907557478750
4.4 .02878624929777400965
4.5 .00083336682791715920
4.6 .00788295471586788307
4.7 .01493511911311533295
4.8 .02198996928251143412
4.9 .02904761760218233725
5.0 .00110817956326028082
5.1 .00817177376107906898
5.2 .01523852187947434429
5.3 .02230854866782887216
5.4 .02938198191050321905
5.5 .00145895238829356370
5.6 .00853959383156099422
5.7 .01562404286468057300
5.8 .02271243894146375873
5.9 .02980492427121451465
6.0 .00190164373508766136
6.1 .00900274479242780173
6.2 .01610837737677850235
6.3 .02321869378126440534
6.4 .03033384853306360602
6.5 .00245399825670399999
6.6 .00957930152593540891
6.7 .01670991870394916122
6.8 .02384601177173845060
6.9 .03098774414441623401
7.0 .00313528047533266691
7.1 .01028878644786110511
7.2 .01744842855475052101
7.3 .02461437386497276936
7.4 .03178678977802547011
7.5 .00396584376568531930
7.6 .01115170310124235094
7.7 .01834453457628300371
7.8 .02554450420512873473
7.9 .03275177691707730020
8.0 .00496651623663561069
8.1 .01218888395197617882
8.2 .01941903977189351222
8.3 .02665714097158225697
8.4 .03390334202760535088
8.5 .00615779424246777486
8.6 .01342064535925956066
8.7 .02069203916688037866
8.8 .02797211509640713930
8.9 .03526100780921543281
9.0 .00755884677751513681
9.1 .01486575585800996112
9.2 .02218185285943989103
9.3 .02950724910481424231
9.4 .03684204898919115676
9.5 .00918634953390664344
9.6 .01654023993820250052
9.7 .02390380112924742434
9.8 .03127710531158911107
9.9 .03866021551711696568
10.0 .01105318515665493297
10.1 .01845605757434173759
10.2 .02586886560599124527
10.3 .03329163114265851749
10.4 .04072436470066721133
10.5 .01316706499938106384
10.6 .02061971854802608710
10.7 .02808229924289058529
10.8 .03555476797624699220
10.9 .04303707225835262994
11.0 .01552914585389562714
11.1 .02303090843425724016
11.2 .03054226524696253472
11.3 .03806310680368766326
11.4 .04559330858818368212
11.5 .01813273078546387460
11.6 .02568121803358377756
11.7 .03323859919932046448
11.8 .04080468717903004564
11.9 .04837927872592975661
12.0 .02096215430501338377
12.1 .02855307797676610863
12.2 .03615179731079714669
12.3 .04375804333045583771
12.4 .05137153048943916222
12.5 .02399195668133608184
12.6 .03161900328298672088
12.7 .03925233523246233667
12.8 .04689160114239540151
12.9 .05453643344930809777
13.0 .02718644859950228920
13.1 .03484124727198477649
13.2 .04250041463880859727
13.3 .05016352066311453334
13.4 .05783012043505710421
13.5 .03049975454569644236
13.6 .03817194949883186184
13.7 .04584621816064497119
13.8 .05352206024691018154
13.9 .06119896284741877430
14.0 .03387640098714969072
14.1 .04155383822360626803
14.2 .04923072727962366927
14.3 .05690651071083714138
14.4 .06458062160688690102
14.5 .03725248432532181278
14.6 .04492151525705151517
14.7 .05258712362208569769
14.8 .06024871229419026849
14.9 .06790567865298361143
15.0 .04055741546189244143
15.1 .04820331177028635798
15.2 .05584275383801348733
15.3 .06347512608046700958
15.4 .07109981203222428977
15.5 .04371619532721716641
15.6 .05132366069331407328
15.7 .05892159495912244614
15.8 .06650938807075363952
15.9 .07408643411623267781
16.0 .04665213235518189629
16.1 .05420588825136117309
16.2 .06174711450560827473
16.3 .06927523208669106850
16.4 .07678967125755920175
16.5 .04928987259446649188
16.6 .05677528799642686027
16.7 .06424538168246629915
16.8 .07169963117414117081
16.9 .07913752826080916134
17.0 .05155857994516346993
17.1 .05896230936657330184
17.2 .06634825669981440750
17.3 .07371598002682219583
17.4 .08106505617915674104
17.5 .05339508154893365555
17.6 .06070567286604714578
17.7 .06799646793959139592
17.8 .07526712636147349982
17.9 .08251733017030521605
18.0 .05474678447376155787
18.1 .06195521802770132243
18.2 .06914238377045775970
18.3 .07630805931082630051
18.4 .08345204736840020380
18.5 .05557417616503371813
18.6 .06267429976634543528
18.7 .06975229837231147959
18.8 .07680807855613854201
18.9 .08384157345075003546
19.0 .05585274288236430890
19.1 .06284157345079138834
19.2 .06980807855622358920
19.3 .07675229837244502567
19.4 .08367429976653499714
19.5 .05557417616528991334
19.6 .06245204736873729633
19.7 .06930805931126292919
19.8 .07614238377101788320
19.9 .08295521802841542406
20.0 .05474678447466816504
20.1 .06151733017145280278
20.2 .06826712636292285733
20.3 .07499646794141857566
20.4 .08170567286834710353
20.5 .05339508155182475369
20.6 .06006505618278630103
20.7 .06671598003137333489
20.8 .07334825670551444414
20.9 .07996230937370407586
21.0 .05155857995407399629
21.1 .05813752827193112551
21.2 .06469963118800787950
21.3 .07124538169973582783
21.4 .07777528801791029139
21.5 .04928987262116232035
21.6 .05578967129069520259
21.7 .06227523212777518130
21.8 .06874711455649037012
21.9 .07520588831430793486
22.0 .04665213243296749082
22.1 .05308643421224840225
22.2 .05950938818914035550
22.3 .06592159510493033355
22.4 .07232366087269509846
22.5 .04371619554765667291
22.6 .05009981230281931318
22.7 .05647512641226032206
22.8 .06284275424439402497
22.9 .06920331226746861611
23.0 .04055741606948968432
23.1 .04690567939469238576
23.2 .05324871319860679419
23.3 .05958712472367830385
23.4 .06592151659731746983
23.5 .03725248595416175258
23.6 .04358062358423570006
23.7 .04990651310859658204
23.8 .05623073018394982032
23.9 .06255384173761318161
24.0 .03387640523410106425
24.1 .04019896797449076918
24.2 .04652206642962185430
24.3 .05284622560806798486
24.4 .05917195845970856333
24.5 .03049976531561530225
24.6 .03683013336485723685
24.7 .04316353616871690086
24.8 .04950043321270094059
24.9 .05584126949662074033
25.0 .02718647516291308871
25.1 .03353646516326793120
25.2 .03989163896353021227
25.3 .04625238028674608798
25.4 .05261905689413073845
25.5 .02399202040364597229
25.6 .03037160614579111272
25.7 .03675813305613059093
25.8 .04315190360400653037
25.9 .04955320375681464769
26.0 .02096230297915726344
26.1 .02737945426612832565
26.2 .03380489420993229520
26.3 .04023884309899169239
26.4 .04668150504865720103
26.5 .01813306816259958259
26.6 .02459370472393435583
26.7 .03106357141510829888
26.8 .03754280956556135464
26.9 .04403154542616845517
27.0 .01552989046946307837
27.1 .02203794171464792718
27.2 .02855578207640785282
27.3 .03508348073655586333
27.4 .04162109353756455728
27.5 .01316866339706234283
27.6 .01972622074240604016
27.7 .02629378396447856290
27.8 .03287135988990192281
27.9 .03945894427090133380
28.0 .01105652229210518275
28.1 .01766406909361749916
28.2 .02428155030975364530
28.3 .03090892262288555126
28.4 .03754613433189915647
28.5 .00919312593482294568
28.6 .01584983072524167348
28.7 .02251617540216257772
28.8 .02919208069305154715
28.9 .03587746198980272631
29.0 .00757222999744574619
29.1 .01427629139542894102
29.2 .02098954951134327992
29.3 .02771190500696899291
29.4 .03444325657653365654
29.5 .00618350165706545237
29.6 .01293253715070703800
29.7 .01969026015882258999
29.8 .02645656872768172615
29.9 .03323136260543785509
30.0 .00501454401003375581
30.1 .01180601840756265089
30.2 .01860569530048759564
30.3 .02541348902497467233
30.4 .03222931955642541407
30.5 .00405311332210041999
30.6 .01088480401950880054
30.7 .01772433343899667935
30.8 .02457165228870251128
30.9 .03142672101975778194
31.0 .00328951064929938455
31.1 .01016000357852563008
31.2 .01703819440267282109
31.3 .02392409070941540220
31.4 .03081771386180211504
31.5 .00271909976143600605
31.6 .00962829958719070836
31.7 .01654538050433276614
31.8 .02347042633849400454
31.9 .03040353820851367109
32.0 .00234483511175236982
32.1 .00929445445507423207
32.2 .01625255252430632365
32.3 .02321930488462140099
32.4 .03019490670395861140
32.5 .00217957299130372539
32.6 .00917353874140341964
32.7 .01617705897729463007
32.8 .02319040868189784095
32.9 .03021388260986018591
33.0 .00224779497084819099
33.1 .00929247897558851198
33.2 .01634828623614547795
33.3 .02341558601221363388
33.4 .03049476429559825945
33.5 .00258622272556287348
33.6 .00969037732834509042
33.7 .01680765707488505027
33.8 .02393850225167713185
33.9 .03108336264064774755
34.0 .00324269550508037325
34.1 .01041696337985284296
34.2 .01760663166561905393
34.3 .02481216602805368054
34.4 .03203402960487866290
34.5 .00427268002509671911
34.6 .01152856624666069394
34.7 .01880212522069711064
34.8 .02609377839236487934
34.9 .03340392805045093743
35.0 .00573295353986705773
35.1 .01308120735329784916
35.2 .02044901112033916245
35.3 .02783665151453729903
35.4 .03524437610076988603
35.5 .00767238914737519363
35.6 .01512084742931330689
35.7 .02258985605040455756
35.8 .03007946431431224380
35.9 .03758966167539212752
36.0 .01012037380179496841
36.1 .01767145878425549625
36.2 .02524270352480775336
36.3 .03283382034020997562
36.4 .04044444381512111569
36.5 .01307412794002676568
36.6 .02072234356854801560
36.7 .02838847622806882340
36.8 .03607182431657495480
36.9 .04377159771720301152
37.0 .01648691686024765652
37.1 .02421681226026886918
37.2 .03196022455348297203
37.3 .03971600505781950660
37.4 .04748291687489333050
37.5 .02025963654969442981
37.6 .02804475630005807314
37.7 .03583678682397051375
37.8 .04363416068852001694
37.9 .05143523629985302108
38.0 .02423830244887785527
38.1 .03204158342271410883
38.2 .03984324466705791944
38.3 .04764139897976810130
38.4 .05543411321112321987
38.5 .02821941544140502041
38.6 .03599530260177959622
38.7 .04375974849992527981
38.8 .05151071220754616382
38.9 .05924614676286223586
39.0 .03196400813742966310
39.1 .03966226441326394487
39.2 .04733890511325784436
39.3 .05499195062534519561
39.4 .06261946165879687440
39.5 .03521954866947792711
39.6 .04279038118987157907
39.7 .05033019699920766889
39.8 .05783731106913525696
39.9 .06531012422106090897
40.0 .03774713143253831789
40.1 .04514692973193789077
40.2 .05250822562303656485
40.3 .05982984198413181361
40.4 .06711072438977656549
40.5 .03934994680722442824
40.6 .04654671662413214741
40.7 .05370037896894807689
40.8 .06081042029067598923
40.9 .06787647117029264226
41.0 .03989830834196102960
41.1 .04687585590826173275
41.2 .05380918573990218870
41.3 .06069851705669600554
41.4 .06754421519296856032
41.5 .03934678955687747196
41.6 .04610689079937401840
41.7 .05282530721461217959
41.8 .05950296039947566419
41.9 .06614090020548257831
42.0 .03774029902158820442
42.1 .04430244543128852045
42.2 .05082873729188499411
42.3 .05732067428776428708
42.4 .06377985001303976315
42.5 .03520794364186595855
42.6 .04160671124714945779
42.7 .04797797683022331346
42.8 .05432362312531713469
42.9 .06064558224333764626
43.0 .03194582621957775316
43.1 .03822635752950511948
43.2 .04448919963575927086
43.3 .05073638762793034309
43.4 .05696995901462934321
43.5 .02819194472482067954
43.6 .03440436037240877751
43.7 .04060919783469182209
43.8 .04680841719156044340
43.9 .05300393906827365828
44.0 .02419763742033692484
44.1 .03039133279448760114
44.2 .03658678609511213654
44.3 .04278569288062791872
44.4 .04898967820951142087
44.5 .02020029205079273753
44.6 .02641900526901281976
44.7 .03264720618889971314
44.8 .03888619774040731538
44.9 .04513719518031508466
45.0 .01640132438234687585
45.1 .02267962068376513404
45.2 .02897302827266258168
45.3 .03528240009673273787
45.4 .04160849827117429220
45.5 .01295199496058939151
45.6 .01931347370728481629
45.7 .02569343117628606870
45.8 .03209227928563161135
45.9 .03851034768912788729
46.0 .00994788657771146269
46.1 .01640506976487519206
46.2 .02288199802125988524
46.3 .02937870262347767898
46.4 .03589514908250157888
46.5 .00743124101750844301
46.6 .01398682414187900286
46.7 .02056169032911565920
46.8 .02715558172771274219
46.9 .03376819489547972917
47.0 .00539918492545001109
47.1 .01204816953728037122
47.2 .01871473310993362765
47.3 .02539843063341349565
47.4 .03209879155936188532
47.5 .00381532353241069319
47.6 .01054751598627991649
47.7 .01729484359071016802
47.8 .02405676953739042508
47.9 .03083274865507274736
48.0 .00262223034603810052
48.1 .00942466133797647249
48.2 .01623948824715715807
48.3 .02306615995048026513
48.4 .02990412976560887028
48.5 .00175285743987536404
48.6 .00861181095002969107
48.7 .01548046811614744420
48.8 .02235831803413976714
48.9 .02924486233230394882
49.0 .00113961625822405295
49.1 .00804210960307682194
49.2 .01495188747102249299
49.3 .02186851090186717401
49.4 .02879155735557805984
49.5 .00072062106752080563
49.6 .00765531328347623187
49.7 .01459526238358813925
49.8 .02154011390440266826
49.9 .02848953046808991731
